0.0834329
0.0820249
0.0882638
0.0995573
0.11386
0.123666
0.119287
0.110422
0.105957
0.0955067
0.0767516
0.0621426
0.0614762
0.0696693
0.0765356
0.0849538
0.0924151
0.0890712
0.0772757
0.0648708
0.0592
0.0611978
0.0695677
0.0902051
0.114693
0.121727
0.11216
0.103205
0.102567
0.104534
0.10058
0.0965055
0.104125
0.115926
0.112819
0.0940625
0.0803377
0.0867887
0.105306
0.116086
0.107081
0.0883637
0.0823464
0.0898524
0.0957418
0.0968353
0.0955719
0.0894934
0.0829525
0.0906541
0.112864
0.128916
0.127601
0.119944
0.120009
0.124895
0.120327
0.10692
0.0979819
0.0976521
0.0990134
0.0916086
0.0722304
0.0481921
0.0300065
0.0281611
0.0440852
0.0645482
0.0832937
0.106266
0.128084
0.136134
0.133016
0.137768
0.162149
0.193919
0.214455
0.222772
0.225972
0.216416
0.187399
0.149281
0.109148
0.0643944
0.0138892
-0.0390337
-0.0903915
-0.13772
-0.17615
-0.199302
-0.20277
-0.179073
-0.122333
-0.0414308
0.0595543
0.185979
0.329221
0.489369
0.667609
0.834455
0.948135
0.964965
0.878215
0.730658
0.550691
0.339837
0.10095
-0.151364
-0.392946
-0.610188
-0.795029
-0.932419
-1.02504
-1.05976
-0.987232
-0.798532
-0.532248
-0.226532
0.104419
0.470236
0.816321
1.06157
1.23599
1.34714
1.3136
1.16137
1.00381
0.854529
0.651056
0.385346
0.102444
-0.154276
-0.359175
-0.509261
-0.60497
-0.641478
-0.620983
-0.549004
-0.437496
-0.303746
-0.157812
-0.0125211
0.11951
0.245467
0.359634
0.434893
0.469564
0.467206
0.424181
0.362872
0.301025
0.237984
0.181491
0.133368
0.0929873
0.0696478
0.0609327
0.0552732
0.0500701
0.0514599
0.0625334
0.0724284
0.0719322
0.0677113
0.0672251
0.0729411
0.0858342
0.0994312
0.108496
0.115882
0.117973
0.111168
0.100548
0.0862531
0.0684877
0.0525523
0.045988
0.0538996
0.0677079
0.0808779
0.091016
0.0899763
0.08408
0.0830503
0.0844652
0.0928588
0.108082
0.118651
0.122295
0.121316
0.11795
0.116599
0.117931
0.119316
0.121784
0.124999
0.127176
0.134147
0.142109
0.133999
0.105895
0.0771033
0.0692937
0.0779092
0.0852574
0.0916762
0.103445
0.113242
0.111918
0.0990354
0.0810465
0.0653809
0.0559897
0.0541364
0.0557343
0.0580624
0.0682899
0.085996
0.0991213
0.108983
0.121133
0.130792
0.137633
0.138216
0.128112
0.121606
0.126171
0.125274
0.114557
0.109374
0.108247
0.100115
0.093335
0.0932011
0.0911849
0.0874639
0.0852969
